CANVAS_SIZE: 1600x1600
ID | Points (P1, P2, P3, P4)
--------------------------------------------------
Cell 0: (500.00, 950.00), (1100.00, 950.00), (1100.00, 650.00), (500.00, 650.00)
Cell 1: (0.00, 1600.00), (260.41, 1600.00), (264.85, 1548.05), (0.00, 1548.50)
Cell 2: (0.00, 1548.50), (264.85, 1548.05), (262.57, 1523.90), (0.00, 1496.82)
Cell 3: (0.00, 1496.82), (169.36, 1511.63), (147.53, 1383.77), (0.00, 1401.89)
Cell 4: (0.00, 1401.89), (147.53, 1383.77), (143.00, 1352.83), (0.00, 1339.04)
Cell 5: (169.36, 1511.63), (262.57, 1523.90), (273.17, 1367.12), (143.00, 1352.83)
Cell 6: (260.41, 1600.00), (478.01, 1600.00), (439.96, 1533.96), (263.16, 1528.01)
Cell 7: (478.01, 1600.00), (637.75, 1600.00), (631.31, 1541.21), (439.96, 1533.96)
Cell 8: (263.16, 1528.01), (447.93, 1536.65), (459.85, 1442.92), (271.46, 1420.31)
Cell 9: (271.46, 1420.31), (459.85, 1442.92), (465.03, 1387.01), (273.17, 1367.12)
Cell 10: (447.93, 1536.65), (631.31, 1541.21), (621.71, 1465.29), (456.99, 1477.46)
Cell 11: (456.99, 1477.46), (621.71, 1465.29), (614.59, 1402.08), (465.03, 1387.01)
Cell 12: (637.75, 1600.00), (740.17, 1600.00), (710.07, 1407.73), (614.59, 1402.08)
Cell 13: (740.17, 1600.00), (940.74, 1600.00), (987.16, 1550.80), (728.79, 1544.25)
Cell 14: (728.79, 1544.25), (987.16, 1550.80), (1012.77, 1530.53), (719.37, 1494.79)
Cell 15: (719.37, 1494.79), (897.58, 1514.00), (975.15, 1436.86), (710.07, 1407.73)
Cell 16: (897.58, 1514.00), (1012.77, 1530.53), (1091.51, 1446.93), (975.15, 1436.86)
Cell 17: (0.00, 1339.04), (218.08, 1362.66), (227.10, 1269.33), (0.00, 1262.96)
Cell 18: (218.08, 1362.66), (331.82, 1370.12), (427.12, 1324.01), (220.20, 1326.02)
Cell 19: (220.20, 1326.02), (427.12, 1324.01), (527.13, 1274.45), (227.10, 1269.33)
Cell 20: (0.00, 1262.96), (527.13, 1274.45), (576.41, 1249.87), (0.00, 1219.11)
Cell 21: (331.82, 1370.12), (616.60, 1400.79), (596.40, 1352.56), (419.44, 1331.21)
Cell 22: (616.60, 1400.79), (810.37, 1418.21), (726.37, 1369.60), (596.40, 1352.56)
Cell 23: (810.37, 1418.21), (1091.51, 1446.93), (1124.07, 1417.33), (726.37, 1369.60)
Cell 24: (419.44, 1331.21), (671.05, 1358.36), (708.60, 1262.92), (576.41, 1249.87)
Cell 25: (671.05, 1358.36), (926.93, 1393.06), (988.18, 1345.18), (693.30, 1310.90)
Cell 26: (693.30, 1310.90), (795.70, 1322.26), (884.13, 1272.44), (708.60, 1262.92)
Cell 27: (795.70, 1322.26), (988.18, 1345.18), (1075.77, 1279.47), (884.13, 1272.44)
Cell 28: (926.93, 1393.06), (1124.07, 1417.33), (1211.26, 1329.21), (1019.96, 1320.60)
Cell 29: (1019.96, 1320.60), (1211.26, 1329.21), (1245.41, 1293.58), (1075.77, 1279.47)
Cell 30: (940.74, 1600.00), (1044.95, 1600.00), (1208.05, 1498.80), (1026.63, 1510.54)
Cell 31: (1044.95, 1600.00), (1202.19, 1600.00), (1306.99, 1490.77), (1208.05, 1498.80)
Cell 32: (1202.19, 1600.00), (1350.32, 1600.00), (1318.35, 1553.77), (1243.28, 1554.61)
Cell 33: (1350.32, 1600.00), (1600.00, 1600.00), (1600.00, 1532.09), (1318.35, 1553.77)
Cell 34: (1243.28, 1554.61), (1600.00, 1532.09), (1600.00, 1471.23), (1306.99, 1490.77)
Cell 35: (1026.63, 1510.54), (1272.06, 1495.88), (1278.70, 1475.49), (1072.06, 1471.07)
Cell 36: (1072.06, 1471.07), (1278.70, 1475.49), (1306.40, 1386.90), (1147.52, 1393.32)
Cell 37: (1272.06, 1495.88), (1400.19, 1485.08), (1437.03, 1411.80), (1298.39, 1419.93)
Cell 38: (1400.19, 1485.08), (1600.00, 1471.23), (1600.00, 1404.42), (1437.03, 1411.80)
Cell 39: (1298.39, 1419.93), (1600.00, 1404.42), (1600.00, 1370.29), (1306.40, 1386.90)
Cell 40: (1147.52, 1393.32), (1404.05, 1378.33), (1388.87, 1301.64), (1245.41, 1293.58)
Cell 41: (1404.05, 1378.33), (1600.00, 1370.29), (1600.00, 1312.86), (1388.87, 1301.64)
Cell 42: (0.00, 1219.11), (282.00, 1234.89), (282.46, 1201.86), (0.00, 1153.80)
Cell 43: (0.00, 1153.80), (282.46, 1201.86), (284.70, 1155.41), (0.00, 1120.17)
Cell 44: (0.00, 1120.17), (152.58, 1136.10), (82.31, 1048.19), (0.00, 1039.82)
Cell 45: (152.58, 1136.10), (284.70, 1155.41), (292.90, 1062.10), (82.31, 1048.19)
Cell 46: (282.00, 1234.89), (474.86, 1246.98), (612.10, 1195.26), (285.41, 1157.65)
Cell 47: (474.86, 1246.98), (731.56, 1260.67), (769.93, 1214.31), (612.10, 1195.26)
Cell 48: (285.41, 1157.65), (591.05, 1192.18), (615.27, 1125.65), (287.97, 1103.45)
Cell 49: (287.97, 1103.45), (615.27, 1125.65), (634.37, 1085.55), (292.90, 1062.10)
Cell 50: (591.05, 1192.18), (769.93, 1214.31), (823.29, 1145.96), (608.49, 1153.25)
Cell 51: (608.49, 1153.25), (823.29, 1145.96), (859.23, 1104.55), (634.37, 1085.55)
Cell 52: (0.00, 1039.82), (186.28, 1054.12), (207.35, 1010.06), (0.00, 992.29)
Cell 53: (0.00, 992.29), (207.35, 1010.06), (237.13, 952.16), (0.00, 950.00)
Cell 54: (186.28, 1054.12), (376.07, 1069.78), (422.21, 1002.49), (214.89, 993.84)
Cell 55: (214.89, 993.84), (422.21, 1002.49), (454.10, 949.71), (237.13, 952.16)
Cell 56: (376.07, 1069.78), (676.38, 1090.01), (601.56, 1029.57), (414.65, 1013.87)
Cell 57: (676.38, 1090.01), (859.23, 1104.55), (903.42, 1052.09), (601.56, 1029.57)
Cell 58: (414.65, 1013.87), (644.38, 1033.13), (724.69, 995.52), (442.00, 971.69)
Cell 59: (442.00, 971.69), (724.69, 995.52), (820.23, 950.00), (454.10, 949.71)
Cell 60: (644.38, 1033.13), (903.42, 1052.09), (931.15, 1011.60), (714.70, 998.49)
Cell 61: (714.70, 998.49), (931.15, 1011.60), (983.52, 950.00), (820.23, 950.00)
Cell 62: (731.56, 1260.67), (1010.28, 1280.92), (1046.54, 1209.93), (760.84, 1216.78)
Cell 63: (760.84, 1216.78), (1046.54, 1209.93), (1070.99, 1163.23), (818.13, 1151.32)
Cell 64: (1010.28, 1280.92), (1212.56, 1290.81), (1176.42, 1170.99), (1070.99, 1163.23)
Cell 65: (1212.56, 1290.81), (1344.27, 1300.15), (1364.76, 1225.11), (1188.42, 1217.10)
Cell 66: (1344.27, 1300.15), (1483.75, 1303.46), (1518.86, 1232.80), (1364.76, 1225.11)
Cell 67: (1483.75, 1303.46), (1600.00, 1312.86), (1600.00, 1239.78), (1518.86, 1232.80)
Cell 68: (1188.42, 1217.10), (1466.77, 1230.39), (1450.93, 1179.22), (1176.42, 1170.99)
Cell 69: (1466.77, 1230.39), (1600.00, 1239.78), (1600.00, 1188.92), (1450.93, 1179.22)
Cell 70: (818.13, 1151.32), (1166.80, 1169.74), (1229.80, 1134.47), (845.05, 1120.34)
Cell 71: (845.05, 1120.34), (1229.80, 1134.47), (1301.71, 1089.25), (873.19, 1086.36)
Cell 72: (873.19, 1086.36), (1301.71, 1089.25), (1340.96, 1071.86), (905.40, 1047.07)
Cell 73: (1166.80, 1169.74), (1600.00, 1188.92), (1600.00, 1152.20), (1248.28, 1125.10)
Cell 74: (1248.28, 1125.10), (1600.00, 1152.20), (1600.00, 1083.82), (1340.96, 1071.86)
Cell 75: (905.40, 1047.07), (1094.44, 1053.37), (1127.48, 998.42), (959.41, 983.53)
Cell 76: (1094.44, 1053.37), (1214.11, 1065.41), (1296.86, 1006.61), (1127.48, 998.42)
Cell 77: (959.41, 983.53), (1296.86, 1006.61), (1393.74, 950.90), (983.52, 950.00)
Cell 78: (1214.11, 1065.41), (1600.00, 1083.82), (1600.00, 1062.41), (1250.35, 1039.57)
Cell 79: (1250.35, 1039.57), (1600.00, 1062.41), (1600.00, 993.96), (1308.71, 1003.34)
Cell 80: (1308.71, 1003.34), (1600.00, 993.96), (1600.00, 976.76), (1331.24, 988.81)
Cell 81: (1331.24, 988.81), (1600.00, 976.76), (1600.00, 950.00), (1393.74, 950.90)
Cell 82: (0.00, 650.00), (145.09, 647.32), (167.71, 564.95), (0.00, 545.45)
Cell 83: (145.09, 647.32), (400.53, 649.40), (437.93, 591.09), (167.71, 564.95)
Cell 84: (0.00, 545.45), (219.23, 567.44), (252.20, 498.54), (0.00, 496.49)
Cell 85: (0.00, 496.49), (252.20, 498.54), (295.28, 426.70), (0.00, 424.93)
Cell 86: (219.23, 567.44), (437.93, 591.09), (468.26, 550.46), (257.01, 501.25)
Cell 87: (257.01, 501.25), (468.26, 550.46), (486.62, 528.03), (269.11, 469.38)
Cell 88: (269.11, 469.38), (486.62, 528.03), (549.06, 430.52), (295.28, 426.70)
Cell 89: (400.53, 649.40), (637.71, 650.00), (693.14, 618.96), (425.93, 609.63)
Cell 90: (425.93, 609.63), (693.14, 618.96), (788.32, 564.82), (457.22, 564.11)
Cell 91: (457.22, 564.11), (788.32, 564.82), (838.43, 539.31), (479.87, 532.79)
Cell 92: (637.71, 650.00), (1033.84, 650.00), (1053.32, 632.45), (680.89, 624.47)
Cell 93: (680.89, 624.47), (1053.32, 632.45), (1086.39, 607.54), (762.83, 582.95)
Cell 94: (762.83, 582.95), (1086.39, 607.54), (1148.80, 549.41), (838.43, 539.31)
Cell 95: (479.87, 532.79), (564.63, 530.31), (672.59, 429.82), (549.06, 430.52)
Cell 96: (564.63, 530.31), (755.04, 539.04), (837.07, 431.40), (672.59, 429.82)
Cell 97: (755.04, 539.04), (940.18, 540.66), (1058.87, 472.60), (802.65, 470.96)
Cell 98: (940.18, 540.66), (1148.80, 549.41), (1235.71, 470.87), (1058.87, 472.60)
Cell 99: (802.65, 470.96), (1235.71, 470.87), (1278.83, 433.83), (837.07, 431.40)
Cell 100: (1033.84, 650.00), (1275.32, 648.70), (1247.41, 547.27), (1153.31, 541.67)
Cell 101: (1275.32, 648.70), (1430.87, 652.00), (1469.94, 549.83), (1247.41, 547.27)
Cell 102: (1430.87, 652.00), (1600.00, 650.00), (1600.00, 547.78), (1469.94, 549.83)
Cell 103: (1153.31, 541.67), (1600.00, 547.78), (1600.00, 525.66), (1195.64, 511.24)
Cell 104: (1195.64, 511.24), (1323.97, 516.06), (1397.11, 433.26), (1278.83, 433.83)
Cell 105: (1323.97, 516.06), (1496.86, 523.73), (1556.99, 436.29), (1397.11, 433.26)
Cell 106: (1496.86, 523.73), (1600.00, 525.66), (1600.00, 437.19), (1556.99, 436.29)
Cell 107: (0.00, 424.93), (110.93, 428.01), (85.54, 283.48), (0.00, 281.18)
Cell 108: (110.93, 428.01), (298.33, 426.19), (242.90, 325.31), (95.53, 324.35)
Cell 109: (95.53, 324.35), (242.90, 325.31), (227.18, 282.25), (85.54, 283.48)
Cell 110: (298.33, 426.19), (507.59, 430.47), (495.89, 347.11), (265.37, 363.78)
Cell 111: (265.37, 363.78), (495.89, 347.11), (486.30, 283.08), (227.18, 282.25)
Cell 112: (507.59, 430.47), (638.34, 431.90), (668.17, 344.60), (494.13, 327.42)
Cell 113: (638.34, 431.90), (815.37, 431.58), (826.28, 353.31), (668.17, 344.60)
Cell 114: (494.13, 327.42), (607.63, 340.79), (683.06, 283.04), (486.30, 283.08)
Cell 115: (607.63, 340.79), (826.28, 353.31), (842.99, 285.36), (683.06, 283.04)
Cell 116: (0.00, 281.18), (359.04, 281.31), (396.09, 258.96), (0.00, 239.19)
Cell 117: (0.00, 239.19), (159.73, 250.16), (144.20, 187.06), (0.00, 174.65)
Cell 118: (159.73, 250.16), (396.09, 258.96), (495.13, 207.72), (144.20, 187.06)
Cell 119: (0.00, 174.65), (495.13, 207.72), (558.32, 178.63), (0.00, 143.67)
Cell 120: (359.04, 281.31), (842.99, 285.36), (844.22, 268.55), (438.63, 242.95)
Cell 121: (438.63, 242.95), (844.22, 268.55), (846.99, 254.08), (479.65, 219.22)
Cell 122: (479.65, 219.22), (846.99, 254.08), (854.37, 198.48), (558.32, 178.63)
Cell 123: (0.00, 143.67), (227.13, 159.12), (218.69, 96.89), (0.00, 95.64)
Cell 124: (227.13, 159.12), (397.74, 168.05), (327.48, 92.24), (218.69, 96.89)
Cell 125: (0.00, 95.64), (327.48, 92.24), (309.22, 78.48), (0.00, 57.66)
Cell 126: (0.00, 57.66), (309.22, 78.48), (238.49, 0.00), (0.00, 0.00)
Cell 127: (397.74, 168.05), (524.24, 174.30), (577.50, 112.51), (348.58, 118.81)
Cell 128: (524.24, 174.30), (700.12, 186.61), (717.48, 107.25), (577.50, 112.51)
Cell 129: (700.12, 186.61), (854.37, 198.48), (873.04, 103.08), (717.48, 107.25)
Cell 130: (348.58, 118.81), (485.61, 111.35), (410.38, 36.52), (279.26, 43.57)
Cell 131: (485.61, 111.35), (593.50, 108.73), (616.48, 29.39), (410.38, 36.52)
Cell 132: (279.26, 43.57), (616.48, 29.39), (621.10, 0.00), (238.49, 0.00)
Cell 133: (593.50, 108.73), (873.04, 103.08), (883.70, 46.50), (607.96, 62.15)
Cell 134: (607.96, 62.15), (883.70, 46.50), (894.31, 0.00), (621.10, 0.00)
Cell 135: (815.37, 431.58), (1068.76, 433.04), (1157.85, 366.95), (827.90, 360.93)
Cell 136: (1068.76, 433.04), (1203.83, 436.75), (1237.50, 371.96), (1157.85, 366.95)
Cell 137: (827.90, 360.93), (1082.21, 365.13), (1101.67, 348.78), (835.33, 330.97)
Cell 138: (835.33, 330.97), (1101.67, 348.78), (1188.22, 287.32), (843.57, 273.82)
Cell 139: (1082.21, 365.13), (1237.50, 371.96), (1277.35, 291.10), (1188.22, 287.32)
Cell 140: (1203.83, 436.75), (1462.47, 438.27), (1411.00, 372.92), (1239.43, 364.76)
Cell 141: (1462.47, 438.27), (1600.00, 437.19), (1600.00, 377.69), (1411.00, 372.92)
Cell 142: (1239.43, 364.76), (1432.40, 371.26), (1447.72, 298.40), (1277.35, 291.10)
Cell 143: (1432.40, 371.26), (1600.00, 377.69), (1600.00, 307.38), (1447.72, 298.40)
Cell 144: (843.57, 273.82), (1071.96, 284.41), (1099.03, 249.29), (850.09, 230.66)
Cell 145: (850.09, 230.66), (1099.03, 249.29), (1158.72, 180.67), (860.21, 183.50)
Cell 146: (1071.96, 284.41), (1328.17, 294.96), (1398.04, 225.74), (1122.65, 221.26)
Cell 147: (1122.65, 221.26), (1398.04, 225.74), (1450.85, 179.93), (1158.72, 180.67)
Cell 148: (1328.17, 294.96), (1600.00, 307.38), (1600.00, 246.20), (1374.00, 247.53)
Cell 149: (1374.00, 247.53), (1600.00, 246.20), (1600.00, 175.13), (1450.85, 179.93)
Cell 150: (860.21, 183.50), (1010.01, 184.97), (953.59, 105.40), (876.03, 111.33)
Cell 151: (1010.01, 184.97), (1206.06, 182.20), (1223.29, 152.55), (990.35, 154.06)
Cell 152: (990.35, 154.06), (1223.29, 152.55), (1264.20, 81.96), (953.59, 105.40)
Cell 153: (876.03, 111.33), (1264.20, 81.96), (1277.89, 58.24), (881.45, 73.78)
Cell 154: (881.45, 73.78), (1104.82, 65.72), (1094.68, 0.00), (894.31, 0.00)
Cell 155: (1104.82, 65.72), (1277.89, 58.24), (1314.79, 0.00), (1094.68, 0.00)
Cell 156: (1206.06, 182.20), (1393.87, 176.06), (1439.99, 89.78), (1272.93, 72.39)
Cell 157: (1393.87, 176.06), (1600.00, 175.13), (1600.00, 107.88), (1439.99, 89.78)
Cell 158: (1272.93, 72.39), (1600.00, 107.88), (1600.00, 35.25), (1301.78, 24.49)
Cell 159: (1301.78, 24.49), (1600.00, 35.25), (1600.00, 0.00), (1314.79, 0.00)
Cell 160: (0.00, 950.00), (153.88, 950.41), (149.28, 859.90), (0.00, 861.11)
Cell 161: (153.88, 950.41), (261.86, 951.42), (216.12, 862.16), (149.28, 859.90)
Cell 162: (261.86, 951.42), (500.00, 950.00), (500.00, 922.90), (236.27, 901.79)
Cell 163: (236.27, 901.79), (500.00, 922.90), (500.00, 861.67), (216.12, 862.16)
Cell 164: (0.00, 861.11), (203.49, 862.85), (100.57, 752.71), (0.00, 742.08)
Cell 165: (203.49, 862.85), (390.19, 859.41), (291.65, 766.80), (100.57, 752.71)
Cell 166: (390.19, 859.41), (500.00, 861.67), (500.00, 781.62), (291.65, 766.80)
Cell 167: (0.00, 742.08), (304.38, 769.04), (299.98, 738.96), (0.00, 709.09)
Cell 168: (0.00, 709.09), (94.01, 716.69), (57.81, 648.31), (0.00, 650.00)
Cell 169: (94.01, 716.69), (299.98, 738.96), (261.52, 650.49), (57.81, 648.31)
Cell 170: (304.38, 769.04), (425.78, 773.76), (445.40, 647.28), (261.52, 650.49)
Cell 171: (425.78, 773.76), (500.00, 781.62), (500.00, 650.00), (445.40, 647.28)
Cell 172: (1100.00, 950.00), (1292.41, 948.84), (1345.89, 875.72), (1100.00, 847.91)
Cell 173: (1100.00, 847.91), (1345.89, 875.72), (1381.07, 836.13), (1100.00, 801.98)
Cell 174: (1292.41, 948.84), (1450.88, 947.90), (1441.69, 842.98), (1381.07, 836.13)
Cell 175: (1450.88, 947.90), (1600.00, 950.00), (1600.00, 859.50), (1441.69, 842.98)
Cell 176: (1100.00, 801.98), (1310.32, 825.11), (1296.39, 735.24), (1100.00, 741.23)
Cell 177: (1100.00, 741.23), (1296.39, 735.24), (1284.18, 652.07), (1100.00, 650.00)
Cell 178: (1310.32, 825.11), (1600.00, 859.50), (1600.00, 819.02), (1305.02, 791.42)
Cell 179: (1305.02, 791.42), (1600.00, 819.02), (1600.00, 770.17), (1293.93, 730.13)
Cell 180: (1293.93, 730.13), (1600.00, 770.17), (1600.00, 696.81), (1291.04, 686.81)
Cell 181: (1291.04, 686.81), (1600.00, 696.81), (1600.00, 650.00), (1284.18, 652.07)
